100	247	234	95	#F7EA5F
101	248	233	70	#F8E946
102	253	227	0	#FDE300
103	198	169	0	#C6A900
104	177	151	0	#B19700
105	139	122	39	#8B7A27
106	251	227	67	#FBE343
107	254	224	30	#FEE01E
108	255	219	0	#FFDB00
109	255	209	0	#FFD100
110	219	169	0	#DBA900
111	172	137	0	#AC8900
112	157	131	15	#9D830F
113	253	223	80	#FDDF50
114	254	221	60	#FEDD3C
115	255	217	35	#FFD923
116	255	205	0	#FFCD00
117	204	151	0	#CC9700
118	174	132	0	#AE8400
119	138	115	31	#8A731F
120	254	218	99	#FEDA63
1205	249	223	141	#F9DF8D
121	255	215	85	#FFD755
1215	254	214	113	#FED671
122	255	208	62	#FFD03E
1225	255	200	66	#FFC842
123	255	198	39	#FFC627
1235	255	183	24	#FFB718
124	237	169	0	#EDA900
1245	201	145	13	#C9910D
125	183	132	0	#B78400
1255	175	132	29	#AF841D
126	157	118	12	#9D760C
1265	138	107	36	#8A6B24
127	245	219	107	#F5DB6B
128	247	212	75	#F7D44B
129	246	206	60	#F6CE3C
130	247	167	0	#F7A700
131	208	137	0	#D08900
132	163	115	0	#A37300
133	110	86	27	#6E561B
134	255	209	108	#FFD16C
1345	254	207	132	#FECF84
135	255	197	86	#FFC556
1355	255	197	108	#FFC56C
136	255	191	59	#FFBF3B
1365	255	181	70	#FFB546
137	255	163	0	#FFA300
1375	255	158	21	#FF9E15
138	225	124	0	#E17C00
1385	216	120	0	#D87800
139	178	109	0	#B26D00
1395	156	95	21	#9C5F15
140	117	83	25	#755319
1405	112	75	28	#704B1C
141	246	197	91	#F6C55B
142	245	189	71	#F5BD47
143	246	179	51	#F6B333
144	243	138	0	#F38A00
145	213	126	0	#D57E00
146	171	107	14	#AB6B0E
147	115	91	40	#735B28
148	255	203	138	#FFCB8A
1485	255	173	94	#FFAD5E
149	255	194	122	#FFC27A
1495	255	143	18	#FF8F12
150	255	178	88	#FFB258
1505	255	106	0	#FF6A00
151	255	131	0	#FF8300
152	233	114	0	#E97200
1525	189	70	0	#BD4600
153	193	106	16	#C16A10
1535	151	69	8	#974508
154	158	89	22	#9E5916
1545	104	56	22	#683816
155	243	208	158	#F3D09E
1555	255	185	141	#FFB98D
156	242	188	123	#F2BC7B
1565	255	161	103	#FFA167
157	241	159	83	#F19F53
1575	255	126	46	#FF7E2E
158	239	117	33	#EF7521
1585	255	107	11	#FF6B0B
159	210	93	18	#D25D12
1595	220	95	19	#DC5F13
160	165	84	26	#A5541A
1605	169	85	33	#A95521
161	99	60	32	#633C20
1615	142	71	30	#8E471E
162	255	190	158	#FFBE9E
1625	255	163	136	#FFA388
163	255	157	107	#FF9D6B
1635	255	141	106	#FF8D6A
164	255	127	63	#FF7F3F
1645	255	107	53	#FF6B35
165	255	102	27	#FF661B
1655	255	76	0	#FF4C00
166	231	82	0	#E75200
1665	226	67	1	#E24301
167	194	82	25	#C25219
1675	173	67	28	#AD431C
168	117	56	27	#75381B
1685	134	57	31	#86391F
169	255	180	170	#FFB4AA
170	255	134	113	#FF8671
171	255	91	52	#FF5B34
172	255	70	17	#FF4611
173	211	68	28	#D3441C
174	153	56	31	#99381F
175	109	53	39	#6D3527
176	255	177	184	#FFB1B8
1765	255	164	179	#FFA4B3
1767	255	175	191	#FFAFBF
177	255	129	136	#FF8188
1775	255	142	158	#FF8E9E
1777	255	99	125	#FF637D
178	255	88	89	#FF5859
1785	255	72	91	#FF485B
1787	251	52	72	#FB3448
1788	244	36	52	#F42434
179	229	60	46	#E53C2E
1795	216	38	46	#D8262E
1797	208	50	56	#D03238
180	195	58	50	#C33A32
1805	179	39	45	#B3272D
1807	168	51	56	#A83338
181	132	50	44	#84322C
1815	128	37	40	#802528
1817	102	50	51	#663233
182	254	187	202	#FEBBCA
183	255	155	177	#FF9BB1
184	252	82	114	#FC5272
185	235	0	40	#EB0028
186	207	10	44	#CF0A2C
187	171	22	43	#AB162B
188	121	35	46	#79232E
189	253	163	186	#FDA3BA
1895	248	181	204	#F8B5CC
190	251	116	151	#FB7497
1905	250	154	186	#FA9ABA
191	245	65	108	#F5416C
1915	245	75	127	#F54B7F
192	236	0	68	#EC0044
1925	233	0	75	#E9004B
193	197	9	59	#C5093B
1935	203	0	60	#CB003C
194	160	39	65	#A02741
1945	172	6	60	#AC063C
195	123	47	62	#7B2F3E
1955	143	19	54	#8F1336
196	239	198	205	#EFC6CD
197	238	154	172	#EE9AAC
198	231	66	96	#E74260
199	220	0	49	#DC0031
200	194	0	47	#C2002F
2001	247	228	154	#F7E49A
2002	249	225	125	#F9E17D
2003	250	225	103	#FAE167
2004	251	220	122	#FBDC7A
2005	254	215	129	#FED781
2006	236	188	77	#ECBC4D
2007	225	164	35	#E1A423
2008	242	190	112	#F2BE70
2009	242	181	98	#F2B562
201	163	31	52	#A31F34
2010	255	173	0	#FFAD00
2011	241	153	51	#F19933
2012	243	149	0	#F39500
2013	255	152	0	#FF9800
2014	187	112	0	#BB7000
2015	248	206	166	#F8CEA6
2016	255	183	113	#FFB771
2017	248	173	106	#F8AD6A
2018	255	118	0	#FF7600
2019	218	108	0	#DA6C00
202	139	35	49	#8B2331
2020	192	84	0	#C05400
2021	159	72	18	#9F4812
2022	254	170	140	#FEAA8C
2023	253	147	110	#FD936E
2024	253	123	85	#FD7B55
2025	255	138	57	#FF8A39
2026	250	98	56	#FA6238
2027	243	82	62	#F3523E
2028	241	48	0	#F13000
2029	247	129	125	#F7817D
203	240	178	201	#F0B2C9
2030	225	121	115	#E17973
2031	218	103	100	#DA6764
2032	212	88	86	#D45856
2033	202	69	67	#CA4543
2034	236	58	61	#EC3A3D
2035	220	0	27	#DC001B
2036	248	189	213	#F8BDD5
2037	246	149	197	#F695C5
2038	244	96	161	#F460A1
2039	234	57	134	#EA3986
204	236	128	168	#EC80A8
2040	225	7	90	#E1075A
2041	163	35	76	#A3234C
2042	114	39	59	#72273B
2043	233	195	209	#E9C3D1
2044	233	147	181	#E993B5
2045	224	115	158	#E0739E
2046	210	87	136	#D25788
2047	167	70	110	#A7466E
2048	152	58	95	#983A5F
2049	134	45	74	#862D4A
205	231	65	122	#E7417A
2050	239	214	228	#EFD6E4
2051	221	192	207	#DDC0CF
2052	203	159	182	#CB9FB6
2053	182	126	157	#B67E9D
2054	160	111	140	#A06F8C
2055	146	93	123	#925D7B
2056	129	71	102	#814766
2057	210	145	183	#D291B7
2058	187	133	169	#BB85A9
2059	186	122	160	#BA7AA0
206	214	0	54	#D60036
2060	203	106	166	#CB6AA6
2061	177	81	136	#B15188
2062	183	68	140	#B7448C
2063	169	48	123	#A9307B
2064	225	160	210	#E1A0D2
2065	223	167	220	#DFA7DC
2066	211	141	210	#D38DD2
2067	194	105	193	#C269C1
2068	180	79	179	#B44FB3
2069	167	56	166	#A738A6
207	171	0	50	#AB0032
2070	145	29	146	#911D92
2071	199	177	221	#C7B1DD
2072	184	150	211	#B896D3
2073	176	148	210	#B094D2
2074	150	105	189	#9669BD
2075	135	101	187	#8765BB
2076	133	88	179	#8558B3
2077	110	63	160	#6E3FA0
2078	181	157	188	#B59DBC
2079	156	125	162	#9C7DA2
208	139	28	64	#8B1C40
2080	152	114	171	#9872AB
2081	135	93	156	#875D9C
2082	122	77	144	#7A4D90
2083	150	93	199	#965DC7
2084	128	55	177	#8037B1
2085	223	204	230	#DFCCE6
2086	160	138	203	#A08ACB
2087	157	124	211	#9D7CD3
2088	131	92	199	#835CC7
2089	113	72	188	#7148BC
209	115	36	60	#73243C
2090	101	58	182	#653AB6
2091	75	22	160	#4B16A0
2092	185	170	212	#B9AAD4
2093	165	151	193	#A597C1
2094	142	126	172	#8E7EAC
2095	121	101	178	#7965B2
2096	102	77	161	#664DA1
2097	96	69	185	#6045B9
2098	69	39	169	#4527A9
2099	177	162	202	#B1A2CA
210	253	159	200	#FD9FC8
2100	158	142	201	#9E8EC9
2101	137	116	209	#8974D1
2102	100	87	176	#6457B0
2103	88	72	165	#5848A5
2104	72	54	151	#483697
2105	54	33	123	#36217B
2106	176	180	205	#B0B4CD
2107	143	152	185	#8F98B9
2108	119	126	169	#777EA9
2109	105	107	153	#696B99
211	251	126	180	#FB7EB4
2110	90	95	143	#5A5F8F
2111	68	76	126	#444C7E
2112	50	33	100	#322164
2113	164	175	227	#A4AFE3
2114	131	140	201	#838CC9
2115	110	120	189	#6E78BD
2116	94	102	177	#5E66B1
2117	68	72	155	#44489B
2118	50	53	120	#323578
2119	42	45	100	#2A2D64
212	245	80	150	#F55096
2120	189	202	234	#BDCAEA
2121	140	171	216	#8CABD8
2122	154	173	227	#9AADE3
2123	120	146	221	#7892DD
2124	110	123	211	#6E7BD3
2125	79	98	200	#4F62C8
2126	39	59	178	#273BB2
2127	182	200	225	#B6C8E1
2128	149	180	228	#95B4E4
2129	90	140	218	#5A8CDA
213	234	29	117	#EA1D75
2130	80	117	208	#5075D0
2131	46	91	190	#2E5BBE
2132	0	86	193	#0056C1
2133	19	86	164	#1356A4
2134	144	164	207	#90A4CF
2135	115	139	191	#738BBF
2136	130	147	184	#8293B8
2137	108	126	170	#6C7EAA
2138	98	117	146	#627592
2139	76	104	150	#4C6896
214	213	15	103	#D50F67
2140	55	81	130	#375182
2141	136	189	232	#88BDE8
2142	123	172	227	#7BACE3
2143	52	133	204	#3485CC
2144	0	101	186	#0065BA
2145	0	76	167	#004CA7
2146	0	52	142	#00348E
2147	0	37	118	#002576
2148	94	143	179	#5E8FB3
2149	75	128	167	#4B80A7
215	175	21	86	#AF1556
2150	50	115	157	#32739D
2151	33	105	162	#2169A2
2152	21	99	144	#156390
2153	0	83	125	#00537D
2154	0	68	127	#00447F
2155	156	180	203	#9CB4CB
2156	138	164	192	#8AA4C0
2157	113	146	180	#7192B4
2158	88	129	166	#5881A6
2159	75	117	155	#4B759B
216	128	33	69	#802145
2160	61	104	145	#3D6891
2161	36	86	129	#245681
2162	157	164	179	#9DA4B3
2163	132	154	175	#849AAF
2164	124	146	167	#7C92A7
2165	102	127	152	#667F98
2166	84	113	138	#54718A
2167	77	107	134	#4D6B86
2168	34	73	92	#22495C
2169	127	174	210	#7FAED2
217	238	189	218	#EEBDDA
2170	90	154	198	#5A9AC6
2171	63	158	223	#3F9EDF
2172	0	121	208	#0079D0
2173	0	131	214	#0083D6
2174	0	117	207	#0075CF
2175	0	104	199	#0068C7
2176	164	183	191	#A4B7BF
2177	125	158	171	#7D9EAB
2178	104	141	156	#688D9C
2179	79	120	136	#4F7888
218	235	107	175	#EB6BAF
2180	60	107	126	#3C6B7E
2181	41	89	107	#29596B
2182	18	72	91	#12485B
2183	0	144	189	#0090BD
2184	0	130	212	#0082D4
2185	0	116	166	#0074A6
2186	0	71	135	#004787
2187	0	68	119	#004477
2188	0	64	106	#00406A
2189	0	50	72	#003248
219	225	18	130	#E11282
2190	79	181	229	#4FB5E5
2191	0	161	225	#00A1E1
2192	0	142	219	#008EDB
2193	0	143	219	#008FDB
2194	0	131	213	#0083D5
2195	0	116	206	#0074CE
2196	0	103	177	#0067B1
2197	110	208	231	#6ED0E7
2198	62	199	228	#3EC7E4
2199	0	184	221	#00B8DD
220	171	0	78	#AB004E
2200	0	166	198	#00A6C6
2201	0	171	216	#00ABD8
2202	0	162	224	#00A2E0
2203	0	133	174	#0085AE
2204	173	203	215	#ADCBD7
2205	136	177	196	#88B1C4
2206	118	157	180	#769DB4
2207	97	152	178	#6198B2
2208	82	135	163	#5287A3
2209	70	132	160	#4684A0
221	151	0	71	#970047
2210	8	77	113	#084D71
2211	111	152	163	#6F98A3
2212	78	131	145	#4E8391
2213	45	111	120	#2D6F78
2214	46	108	121	#2E6C79
2215	44	84	102	#2C5466
2216	43	75	88	#2B4B58
2217	0	56	65	#003841
2218	110	174	189	#6EAEBD
2219	87	162	179	#57A2B3
222	112	28	69	#701C45
2220	65	149	169	#4195A9
2221	39	138	159	#278A9F
2222	10	128	152	#0A8098
2223	0	117	142	#00758E
2224	0	102	129	#006681
2225	112	211	225	#70D3E1
2226	46	201	218	#2EC9DA
2227	82	188	201	#52BCC9
2228	0	162	190	#00A2BE
2229	0	153	184	#0099B8
223	242	148	205	#F294CD
2230	0	137	161	#0089A1
2231	0	121	147	#007993
2232	109	174	179	#6DAEB3
2233	84	165	176	#54A5B0
2234	73	157	165	#499DA5
2235	28	145	157	#1C919D
2236	30	144	154	#1E909A
2237	0	132	142	#00848E
2238	0	103	118	#006776
2239	0	204	183	#00CCB7
224	239	110	186	#EF6EBA
2240	0	190	161	#00BEA1
2241	83	160	146	#53A092
2242	0	160	119	#00A077
2243	0	146	123	#00927B
2244	8	126	109	#087E6D
2245	0	131	86	#008356
2246	167	210	185	#A7D2B9
2247	116	191	153	#74BF99
2248	108	182	145	#6CB691
2249	83	169	127	#53A97F
225	229	25	146	#E51992
2250	0	176	115	#00B073
2251	0	170	113	#00AA71
2252	0	165	77	#00A54D
2253	186	232	202	#BAE8CA
2254	172	221	178	#ACDDB2
2255	133	208	149	#85D095
2256	83	192	114	#53C072
2257	0	171	81	#00AB51
2258	0	132	36	#008424
2259	0	112	34	#007022
226	215	0	109	#D7006D
2260	178	207	173	#B2CFAD
2261	150	186	145	#96BA91
2262	136	172	137	#88AC89
2263	111	148	107	#6F946B
2264	102	148	96	#669460
2265	88	125	80	#587D50
2266	45	84	35	#2D5423
2267	150	222	153	#96DE99
2268	114	215	125	#72D77D
2269	120	202	109	#78CA6D
227	176	0	96	#B00060
2270	23	197	78	#17C54E
2271	0	184	50	#00B832
2272	0	152	26	#00981A
2273	34	112	38	#227026
2274	208	217	177	#D0D9B1
2275	195	218	149	#C3DA95
2276	136	166	80	#88A650
2277	82	148	29	#52941D
2278	75	127	30	#4B7F1E
2279	92	125	42	#5C7D2A
228	141	11	86	#8D0B56
2280	71	105	29	#47691D
2281	216	231	152	#D8E798
2282	198	232	149	#C6E895
2283	163	223	101	#A3DF65
2284	176	211	125	#B0D37D
2285	143	216	74	#8FD84A
2286	116	202	0	#74CA00
2287	84	196	0	#54C400
2288	200	225	121	#C8E179
2289	197	215	121	#C5D779
229	105	32	68	#692044
2290	167	217	29	#A7D91D
2291	164	211	0	#A4D300
2292	145	199	18	#91C712
2293	134	195	0	#86C300
2294	116	168	0	#74A800
2295	225	234	137	#E1EA89
2296	213	230	100	#D5E664
2297	188	222	22	#BCDE16
2298	182	217	85	#B6D955
2299	162	208	51	#A2D033
230	247	166	214	#F7A6D6
2300	168	193	64	#A8C140
2301	141	172	20	#8DAC14
2302	174	183	98	#AEB762
2303	159	177	86	#9FB156
2304	160	170	77	#A0AA4D
2305	157	166	0	#9DA600
2306	126	138	36	#7E8A24
2307	103	110	17	#676E11
2308	89	86	26	#59561A
2309	231	205	181	#E7CDB5
231	246	119	196	#F677C4
2310	216	191	167	#D8BFA7
2311	204	167	132	#CCA784
2312	183	154	128	#B79A80
2313	195	147	101	#C39365
2314	172	119	67	#AC7743
2315	147	72	13	#93480D
2316	189	153	121	#BD9979
2317	180	134	92	#B4865C
2318	164	116	71	#A47447
2319	141	91	47	#8D5B2F
232	239	63	169	#EF3FA9
2320	113	70	33	#714621
2321	111	80	54	#6F5036
2322	77	52	35	#4D3423
2323	183	176	152	#B7B098
2324	178	162	130	#B2A282
2325	159	144	115	#9F9073
2326	139	124	94	#8B7C5E
2327	131	120	87	#837857
2328	120	103	71	#786747
2329	105	88	59	#69583B
233	204	0	122	#CC007A
2330	207	204	200	#CFCCC8
2331	172	167	163	#ACA7A3
2332	139	137	133	#8B8985
2333	113	108	105	#716C69
2334	109	99	97	#6D6361
2335	94	78	70	#5E4E46
2336	78	73	70	#4E4946
2337	250	192	184	#FAC0B8
2338	224	163	157	#E0A39D
2339	242	147	144	#F29390
234	166	0	99	#A60063
2340	210	110	118	#D26E76
2341	185	107	108	#B96B6C
2342	186	89	99	#BA5963
2343	170	85	100	#AA5564
2344	243	128	110	#F3806E
2345	255	110	103	#FF6E67
2346	255	89	103	#FF5967
2347	232	0	0	#E80000
2348	234	83	77	#EA534D
2349	206	52	2	#CE3402
235	136	13	83	#880D53
2350	181	32	27	#B5201B
2351	191	121	178	#BF79B2
2352	183	100	166	#B764A6
2353	196	76	165	#C44CA5
2354	148	77	138	#944D8A
2355	139	0	121	#8B0079
2356	117	0	96	#750060
2357	100	17	67	#641143
2358	173	163	174	#ADA3AE
2359	126	114	131	#7E7283
236	244	167	220	#F4A7DC
2360	122	120	142	#7A788E
2361	111	111	139	#6F6F8B
2362	109	105	128	#6D6980
2363	95	92	117	#5F5C75
2364	103	88	109	#67586D
2365	242	185	223	#F2B9DF
2366	103	108	205	#676CCD
2367	77	75	176	#4D4BB0
2368	74	73	188	#4A49BC
2369	54	64	181	#3640B5
237	241	133	206	#F185CE
2370	43	43	147	#2B2B93
2371	48	11	140	#300B8C
2372	37	30	119	#251E77
2373	113	129	160	#7181A0
2374	77	94	128	#4D5E80
2375	230	119	203	#E677CB
2376	77	90	114	#4D5A72
2377	48	82	113	#305271
2378	55	71	103	#374767
2379	59	67	88	#3B4358
238	234	93	189	#EA5DBD
2380	39	50	72	#273248
2381	89	146	219	#5992DB
2382	0	136	216	#0088D8
2383	33	115	173	#2173AD
2384	0	96	161	#0060A1
2385	217	57	178	#D939B2
2386	39	104	195	#2768C3
2387	0	97	200	#0061C8
2388	0	79	181	#004FB5
2389	68	158	201	#449EC9
239	224	62	174	#E03EAE
2390	0	123	171	#007BAB
2391	0	128	165	#0080A5
2392	9	103	133	#096785
2393	0	144	203	#0090CB
2394	0	137	206	#0089CE
2395	207	0	158	#CF009E
2396	0	150	178	#0096B2
2397	0	180	189	#00B4BD
2398	0	184	179	#00B8B3
2399	0	168	162	#00A8A2
240	203	43	153	#CB2B99
2400	0	173	151	#00AD97
2401	40	165	152	#28A598
2402	0	154	135	#009A87
2403	0	134	123	#00867B
2404	164	183	156	#A4B79C
2405	181	0	140	#B5008C
2406	128	156	135	#809C87
2407	105	139	114	#698B72
2408	71	121	86	#477956
2409	75	100	71	#4B6447
241	180	23	130	#B41782
2410	65	90	61	#415A3D
2411	26	64	32	#1A4020
2412	58	211	152	#3AD398
2413	41	181	143	#29B58F
2414	0	185	128	#00B980
2415	162	0	124	#A2007C
2416	0	174	119	#00AE77
2417	24	155	107	#189B6B
2418	0	132	64	#008440
2419	0	122	87	#007A57
242	131	34	94	#83225E
2420	0	196	96	#00C460
2421	26	181	0	#1AB500
2422	0	165	46	#00A52E
2423	0	168	21	#00A815
2424	26	157	0	#1A9D00
2425	136	0	99	#880063
2426	0	137	24	#008918
2427	0	93	28	#005D1C
243	238	183	226	#EEB7E2
244	233	155	218	#E99BDA
245	227	126	209	#E37ED1
246	205	37	175	#CD25AF
247	193	20	161	#C114A1
248	169	25	141	#A9198D
249	132	38	106	#84266A
250	234	185	228	#EAB9E4
251	225	155	223	#E19BDF
252	209	98	205	#D162CD
253	179	25	171	#B319AB
254	158	26	150	#9E1A96
255	119	33	108	#77216C
256	218	189	220	#DABDDC
2562	219	168	226	#DBA8E2
2563	206	162	215	#CEA2D7
2567	196	159	216	#C49FD8
257	201	160	206	#C9A0CE
2572	204	138	218	#CC8ADA
2573	188	131	201	#BC83C9
2577	170	123	201	#AA7BC9
258	144	71	153	#904799
2582	178	78	196	#B24EC4
2583	163	93	180	#A35DB4
2587	132	70	172	#8446AC
259	112	32	118	#702076
2592	159	38	180	#9F26B4
2593	135	50	153	#873299
2597	93	12	139	#5D0C8B
260	103	37	101	#672565
2602	139	24	155	#8B189B
2603	115	33	129	#732181
2607	82	9	117	#520975
261	95	40	94	#5F285E
2612	123	36	129	#7B2481
2613	106	30	116	#6A1E74
2617	73	12	102	#490C66
262	84	39	78	#54274E
2622	104	47	100	#682F64
2623	98	31	101	#621F65
2627	62	16	81	#3E1051
263	218	196	229	#DAC4E5
2635	198	179	225	#C6B3E1
264	196	166	225	#C4A6E1
2645	176	149	218	#B095DA
265	147	99	204	#9363CC
2655	150	120	210	#9678D2
266	120	60	189	#783CBD
2665	127	86	197	#7F56C5
267	98	37	157	#62259D
268	90	43	129	#5A2B81
2685	50	0	110	#32006E
269	83	44	108	#532C6C
2695	47	26	69	#2F1A45
270	182	179	223	#B6B3DF
2705	169	163	223	#A9A3DF
2706	204	210	233	#CCD2E9
2707	196	213	236	#C4D5EC
2708	185	203	234	#B9CBEA
271	151	148	210	#9794D2
2715	139	131	214	#8B83D6
2716	159	173	228	#9FADE4
2717	167	197	237	#A7C5ED
2718	90	135	217	#5A87D9
272	117	115	192	#7573C0
2725	103	93	198	#675DC6
2726	69	92	199	#455CC7
2727	46	125	225	#2E7DE1
2728	0	71	186	#0047BA
273	35	19	94	#23135E
2735	41	0	136	#290088
2736	23	36	169	#1724A9
2738	0	9	139	#00098B
274	33	22	80	#211650
2745	37	6	112	#250670
2746	16	30	142	#101E8E
2747	0	26	113	#001A71
2748	0	25	112	#001970
275	33	22	70	#211646
2755	34	16	96	#221060
2756	18	31	107	#121F6B
2757	0	30	95	#001E5F
2758	0	29	96	#001D60
276	35	28	52	#231C34
2765	32	21	69	#201545
2766	19	27	77	#131B4D
2767	20	40	75	#14284B
2768	5	28	72	#051C48
277	173	200	231	#ADC8E7
278	140	183	232	#8CB7E8
279	62	141	221	#3E8DDD
280	1	33	104	#012168
281	0	31	91	#001F5B
282	3	29	64	#031D40
283	148	192	233	#94C0E9
284	108	170	228	#6CAAE4
285	0	112	205	#0070CD
286	0	50	160	#0032A0
287	0	47	134	#002F86
288	0	44	115	#002C73
289	12	34	63	#0C223F
290	186	216	234	#BAD8EA
2905	143	198	232	#8FC6E8
291	153	202	234	#99CAEA
2915	97	179	228	#61B3E4
292	103	178	231	#67B2E7
2925	0	154	221	#009ADD
293	0	60	166	#003CA6
2935	0	85	183	#0055B7
294	0	46	108	#002E6C
2945	0	74	151	#004A97
295	0	40	85	#002855
2955	0	55	99	#003763
296	6	27	43	#061B2B
2965	0	37	61	#00253D
297	110	196	232	#6EC4E8
2975	151	212	233	#97D4E9
298	64	180	229	#40B4E5
2985	87	192	232	#57C0E8
299	0	160	223	#00A0DF
2995	0	167	225	#00A7E1
300	0	92	184	#005CB8
3005	0	116	200	#0074C8
301	0	73	135	#004987
3015	0	95	155	#005F9B
302	0	58	92	#003A5C
3025	0	77	113	#004D71
303	1	41	57	#012939
3035	0	61	81	#003D51
304	152	218	233	#98DAE9
305	87	200	231	#57C8E7
306	0	178	226	#00B2E2
307	0	105	166	#0069A6
308	0	86	124	#00567C
309	0	58	73	#003A49
310	102	207	227	#66CFE3
3105	98	208	223	#62D0DF
311	0	193	222	#00C1DE
3115	0	191	213	#00BFD5
312	0	166	206	#00A6CE
3125	0	171	199	#00ABC7
313	0	143	190	#008FBE
3135	0	138	171	#008AAB
314	0	125	164	#007DA4
3145	0	116	140	#00748C
315	0	101	127	#00657F
3155	0	95	113	#005F71
316	0	70	79	#00464F
3165	0	77	88	#004D58
317	176	226	226	#B0E2E2
318	134	218	222	#86DADE
319	37	202	211	#25CAD3
320	0	153	168	#0099A8
321	0	137	149	#008995
322	0	112	120	#007078
323	0	93	98	#005D62
324	155	217	217	#9BD9D9
3242	110	218	213	#6EDAD5
3245	122	222	212	#7ADED4
3248	109	203	184	#6DCBB8
325	100	203	201	#64CBC9
3252	27	207	201	#1BCFC9
3255	34	211	197	#22D3C5
3258	72	195	177	#48C3B1
326	0	175	169	#00AFA9
3262	0	187	179	#00BBB3
3265	0	196	179	#00C4B3
3268	0	169	142	#00A98E
327	0	131	116	#008374
3272	0	161	154	#00A19A
3275	0	175	154	#00AF9A
3278	0	152	119	#009877
328	0	113	102	#007166
3282	0	131	122	#00837A
3285	0	147	130	#009382
3288	0	128	100	#008064
329	0	102	94	#00665E
3292	0	87	79	#00574F
3295	0	117	100	#007564
3298	0	104	82	#006852
330	0	81	75	#00514B
3302	0	75	68	#004B44
3305	0	76	66	#004C42
3308	3	68	54	#034436
331	166	229	216	#A6E5D8
332	137	225	208	#89E1D0
333	51	217	194	#33D9C2
334	0	149	120	#009578
335	0	121	95	#00795F
336	0	99	79	#00634F
337	143	212	188	#8FD4BC
3375	118	224	192	#76E0C0
338	109	205	177	#6DCDB1
3385	63	212	173	#3FD4AD
339	0	177	136	#00B188
3395	0	192	138	#00C08A
340	0	148	93	#00945D
3405	0	172	104	#00AC68
341	0	120	82	#007852
3415	0	117	73	#007549
342	0	101	71	#006547
3425	0	97	64	#006140
343	13	85	63	#0D553F
3435	20	70	51	#144633
344	160	216	179	#A0D8B3
345	145	213	171	#91D5AB
346	110	202	151	#6ECA97
347	0	152	68	#009844
348	0	131	61	#00833D
349	1	104	54	#016836
350	43	80	52	#2B5034
351	162	227	185	#A2E3B9
352	140	224	176	#8CE0B0
353	123	222	167	#7BDEA7
354	0	174	65	#00AE41
355	0	149	58	#00953A
356	0	120	51	#007833
357	28	86	49	#1C5631
358	172	218	144	#ACDA90
359	162	214	131	#A2D683
360	108	192	73	#6CC049
361	63	174	41	#3FAE29
362	77	156	45	#4D9C2D
363	75	139	42	#4B8B2A
364	73	117	39	#497527
365	194	223	135	#C2DF87
366	183	220	120	#B7DC78
367	163	213	93	#A3D55D
368	119	188	31	#77BC1F
369	98	166	10	#62A60A
370	100	139	26	#648B1A
371	84	97	33	#546121
372	212	235	141	#D4EB8D
373	204	233	127	#CCE97F
374	196	231	106	#C4E76A
375	148	213	0	#94D500
376	130	188	0	#82BC00
377	121	153	0	#799900
378	89	97	27	#59611B
379	226	230	101	#E2E665
380	219	227	65	#DBE341
381	206	219	0	#CEDB00
382	195	213	0	#C3D500
383	170	173	0	#AAAD00
384	149	147	0	#959300
385	121	112	31	#79701F
386	236	235	107	#ECEB6B
387	227	231	51	#E3E733
388	225	230	30	#E1E61E
389	206	222	0	#CEDE00
390	182	189	0	#B6BD00
391	154	148	0	#9A9400
392	131	121	2	#837902
393	241	236	114	#F1EC72
3935	245	232	91	#F5E85B
394	238	232	56	#EEE838
3945	245	229	0	#F5E500
395	236	232	19	#ECE813
3955	242	223	0	#F2DF00
396	225	224	0	#E1E000
3965	238	220	0	#EEDC00
397	192	184	0	#C0B800
3975	190	166	0	#BEA600
398	173	163	0	#ADA300
3985	154	134	0	#9A8600
399	162	145	0	#A29100
3995	106	92	31	#6A5C1F
400	198	190	181	#C6BEB5
401	177	169	158	#B1A99E
402	158	148	139	#9E948B
403	141	131	122	#8D837A
404	119	109	99	#776D63
405	105	96	87	#696057
406	199	187	181	#C7BBB5
407	178	167	161	#B2A7A1
408	153	139	134	#998B86
409	135	120	115	#877873
410	117	102	96	#756660
411	96	80	76	#60504C
412	57	46	44	#392E2C
413	187	185	175	#BBB9AF
414	170	168	158	#AAA89E
415	146	146	135	#929287
416	127	126	115	#7F7E73
417	102	102	92	#66665C
418	82	82	73	#525249
419	33	34	33	#212221
420	201	200	199	#C9C8C7
421	178	179	178	#B2B3B2
422	159	161	161	#9FA1A1
423	138	139	140	#8A8B8C
424	112	113	112	#707170
425	84	87	89	#545759
426	37	39	41	#252729
427	208	210	211	#D0D2D3
428	195	197	200	#C3C5C8
429	163	169	172	#A3A9AC
430	124	133	140	#7C858C
431	92	102	111	#5C666F
432	51	61	71	#333D47
433	30	36	43	#1E242B
434	208	196	196	#D0C4C4
435	192	178	181	#C0B2B5
436	170	152	156	#AA989C
437	123	101	104	#7B6568
438	88	68	68	#584444
439	68	54	52	#443634
440	56	45	43	#382D2B
441	189	198	195	#BDC6C3
442	160	172	170	#A0ACAA
443	144	156	156	#909C9C
444	112	123	123	#707B7B
445	78	87	88	#4E5758
446	61	69	66	#3D4542
447	55	57	53	#373935
448	76	64	40	#4C4028
4485	99	78	37	#634E25
449	85	69	37	#554525
4495	142	118	48	#8E7630
450	92	73	37	#5C4925
4505	155	132	66	#9B8442
451	159	145	93	#9F915D
4515	181	162	104	#B5A268
452	179	167	125	#B3A77D
4525	199	182	131	#C7B683
453	195	186	152	#C3BA98
4535	209	195	146	#D1C392
454	205	196	166	#CDC4A6
4545	214	202	158	#D6CA9E
455	108	90	35	#6C5A23
456	165	141	40	#A58D28
457	186	156	19	#BA9C13
458	219	197	84	#DBC554
459	224	204	97	#E0CC61
460	231	214	126	#E7D67E
461	236	222	151	#ECDE97
462	94	69	42	#5E452A
4625	81	43	28	#512B1C
463	119	77	39	#774D27
4635	151	95	53	#975F35
464	143	89	39	#8F5927
4645	176	124	87	#B07C57
465	189	149	90	#BD955A
4655	193	147	114	#C19372
466	202	169	118	#CAA976
4665	206	167	135	#CEA787
467	214	186	139	#D6BA8B
4675	222	191	164	#DEBFA4
468	223	201	162	#DFC9A2
4685	225	197	172	#E1C5AC
469	107	63	34	#6B3F22
4695	93	51	38	#5D3326
470	167	89	40	#A75928
4705	129	76	58	#814C3A
471	188	97	35	#BC6123
4715	153	106	87	#996A57
472	231	157	108	#E79D6C
4725	178	136	119	#B28877
473	245	190	153	#F5BE99
4735	195	162	145	#C3A291
474	244	198	166	#F4C6A6
4745	207	180	167	#CFB4A7
475	244	207	178	#F4CFB2
4755	218	194	182	#DAC2B6
476	81	53	40	#513528
477	102	58	42	#663A2A
478	117	61	41	#753D29
479	174	127	101	#AE7F65
480	201	167	145	#C9A791
481	214	185	167	#D6B9A7
482	222	199	182	#DEC7B6
483	104	47	36	#682F24
484	159	49	34	#9F3122
485	226	35	26	#E2231A
486	239	143	122	#EF8F7A
487	240	166	147	#F0A693
488	241	184	168	#F1B8A8
489	240	194	178	#F0C2B2
490	94	41	42	#5E292A
491	129	48	51	#813033
492	147	50	53	#933235
493	222	135	151	#DE8797
494	236	162	176	#ECA2B0
495	244	189	198	#F4BDC6
496	244	198	206	#F4C6CE
497	82	48	44	#52302C
4975	65	31	31	#411F1F
498	106	56	51	#6A3833
4985	137	75	81	#894B51
499	122	63	56	#7A3F38
4995	157	97	103	#9D6167
500	200	134	140	#C8868C
5005	178	123	128	#B27B80
501	220	165	171	#DCA5AB
5015	205	161	165	#CDA1A5
502	230	187	192	#E6BBC0
5025	221	183	187	#DDB7BB
503	235	196	198	#EBC4C6
5035	225	194	193	#E1C2C1
504	87	41	48	#572930
505	112	45	61	#702D3D
506	135	53	76	#87354C
507	216	145	168	#D891A8
508	230	169	184	#E6A9B8
509	235	179	195	#EBB3C3
510	237	190	200	#EDBEC8
511	99	44	79	#632C4F
5115	83	41	67	#532943
512	133	49	117	#853175
5125	109	58	93	#6D3A5D
513	148	52	140	#94348C
5135	129	83	116	#815374
514	214	139	198	#D68BC6
5145	158	118	145	#9E7691
515	228	172	213	#E4ACD5
5155	193	164	183	#C1A4B7
516	233	190	219	#E9BEDB
5165	212	191	204	#D4BFCC
517	237	197	222	#EDC5DE
5175	218	198	206	#DAC6CE
518	77	46	71	#4D2E47
5185	76	48	64	#4C3040
519	91	48	93	#5B305D
5195	104	68	88	#684458
520	102	46	107	#662E6B
5205	136	99	120	#886378
521	168	126	177	#A87EB1
5215	176	149	165	#B095A5
522	189	155	196	#BD9BC4
5225	200	175	187	#C8AFBB
523	204	176	207	#CCB0CF
5235	210	189	198	#D2BDC6
524	215	194	214	#D7C2D6
5245	221	205	210	#DDCDD2
525	89	43	94	#592B5E
5255	30	25	51	#1E1933
526	116	47	138	#742F8A
5265	64	57	95	#40395F
527	132	48	166	#8430A6
5275	90	83	119	#5A5377
528	186	128	208	#BA80D0
5285	142	136	163	#8E88A3
529	206	161	220	#CEA1DC
5295	180	175	195	#B4AFC3
530	218	183	226	#DAB7E2
5305	199	195	209	#C7C3D1
531	226	199	230	#E2C7E6
5315	218	214	222	#DAD6DE
532	28	30	41	#1C1E29
533	33	40	68	#212844
534	30	52	93	#1E345D
535	142	158	188	#8E9EBC
536	162	177	200	#A2B1C8
537	187	198	214	#BBC6D6
538	198	207	218	#C6CFDA
539	0	37	57	#002539
5395	10	30	44	#0A1E2C
540	0	47	86	#002F56
5405	79	115	138	#4F738A
541	0	59	112	#003B70
5415	93	126	149	#5D7E95
542	124	173	211	#7CADD3
5425	124	151	171	#7C97AB
543	164	199	226	#A4C7E2
5435	167	186	200	#A7BAC8
544	191	212	230	#BFD4E6
5445	184	199	211	#B8C7D3
545	199	217	230	#C7D9E6
5455	191	205	212	#BFCDD4
546	8	41	47	#08292F
5463	8	38	44	#08262C
5467	26	50	46	#1A322E
547	0	47	59	#002F3B
5473	9	92	102	#095C66
5477	63	91	87	#3F5B57
548	0	59	76	#003B4C
5483	77	133	141	#4D858D
5487	95	119	116	#5F7774
549	106	162	184	#6AA2B8
5493	126	167	172	#7EA7AC
5497	132	151	148	#849794
550	141	183	201	#8DB7C9
5503	147	182	187	#93B6BB
5507	157	174	171	#9DAEAB
551	164	197	210	#A4C5D2
5513	172	198	200	#ACC6C8
5517	178	191	187	#B2BFBB
552	187	210	219	#BBD2DB
5523	183	206	207	#B7CECF
5527	188	199	196	#BCC7C4
553	42	70	51	#2A4633
5535	23	47	40	#172F28
554	34	90	64	#225A40
5545	67	104	90	#43685A
555	44	112	79	#2C704F
5555	91	127	112	#5B7F70
556	112	160	135	#70A087
5565	126	156	144	#7E9C90
557	135	175	153	#87AF99
5575	146	171	160	#92ABA0
558	155	189	170	#9BBDAA
5585	166	188	176	#A6BCB0
559	175	201	184	#AFC9B8
5595	190	205	194	#BECDC2
560	27	60	51	#1B3C33
5605	34	54	42	#22362A
561	0	88	77	#00584D
5615	94	114	96	#5E7260
562	0	110	98	#006E62
5625	114	132	114	#728472
563	103	186	175	#67BAAF
5635	149	164	149	#95A495
564	130	199	188	#82C7BC
5645	164	177	163	#A4B1A3
565	159	212	201	#9FD4C9
5655	178	188	175	#B2BCAF
566	183	219	209	#B7DBD1
5665	188	196	185	#BCC4B9
567	22	61	52	#163D34
568	0	106	90	#006A5A
569	0	127	109	#007F6D
570	105	201	185	#69C9B9
571	148	218	206	#94DACE
572	162	222	210	#A2DED2
573	180	225	216	#B4E1D8
574	78	90	48	#4E5A30
5743	64	71	38	#404726
5747	62	67	28	#3E431C
575	105	129	58	#69813A
5753	96	102	55	#606637
5757	108	112	45	#6C702D
576	122	155	73	#7A9B49
5763	118	122	76	#767A4C
5767	140	140	72	#8C8C48
577	171	194	126	#ABC27E
5773	138	143	100	#8A8F64
5777	162	164	103	#A2A467
578	184	205	149	#B8CD95
5783	164	169	130	#A4A982
5787	186	188	137	#BABC89
579	191	207	154	#BFCF9A
5793	180	183	148	#B4B794
5797	199	199	154	#C7C79A
580	197	212	163	#C5D4A3
5803	196	198	166	#C4C6A6
5807	209	208	169	#D1D0A9
581	100	92	32	#645C20
5815	86	79	35	#564F23
582	145	140	16	#918C10
5825	139	128	58	#8B803A
583	185	190	16	#B9BE10
5835	161	152	86	#A19856
584	213	214	84	#D5D654
5845	177	169	110	#B1A96E
585	222	221	110	#DEDD6E
5855	193	186	133	#C1BA85
586	227	225	123	#E3E17B
5865	204	198	147	#CCC693
587	229	227	140	#E5E38C
5875	213	205	158	#D5CD9E
600	242	234	154	#F2EA9A
601	242	232	142	#F2E88E
602	242	231	122	#F2E77A
603	239	224	72	#EFE048
604	237	218	34	#EDDA22
605	226	204	0	#E2CC00
606	209	180	0	#D1B400
607	237	228	153	#EDE499
608	234	224	133	#EAE085
609	233	220	117	#E9DC75
610	226	211	84	#E2D354
611	216	199	34	#D8C722
612	199	176	0	#C7B000
613	181	154	0	#B59A00
614	221	212	152	#DDD498
615	215	205	140	#D7CD8C
616	210	199	128	#D2C780
617	193	180	95	#C1B45F
618	173	157	59	#AD9D3B
619	160	144	40	#A09028
620	140	122	22	#8C7A16
621	208	224	215	#D0E0D7
622	184	204	194	#B8CCC2
623	154	184	172	#9AB8AC
624	120	157	144	#789D90
625	79	126	112	#4F7E70
626	37	91	77	#255B4D
627	18	49	42	#12312A
628	184	220	225	#B8DCE1
629	153	209	220	#99D1DC
630	118	195	212	#76C3D4
631	58	176	200	#3AB0C8
632	0	145	178	#0091B2
633	0	113	151	#007197
634	0	92	130	#005C82
635	163	217	231	#A3D9E7
636	137	210	230	#89D2E6
637	77	193	223	#4DC1DF
638	0	172	215	#00ACD7
639	0	147	201	#0093C9
640	0	128	187	#0080BB
641	0	101	160	#0065A0
642	212	220	229	#D4DCE5
643	199	212	226	#C7D4E2
644	156	182	210	#9CB6D2
645	125	160	195	#7DA0C3
646	93	137	179	#5D89B3
647	38	95	146	#265F92
648	0	44	92	#002C5C
649	220	225	233	#DCE1E9
650	207	217	229	#CFD9E5
651	168	187	213	#A8BBD5
652	126	154	191	#7E9ABF
653	52	96	148	#346094
654	0	57	111	#00396F
655	0	36	83	#002453
656	222	227	235	#DEE3EB
657	202	215	235	#CAD7EB
658	178	200	232	#B2C8E8
659	123	163	220	#7BA3DC
660	64	124	201	#407CC9
661	0	52	148	#003494
662	0	27	112	#001B70
663	230	225	229	#E6E1E5
664	225	218	225	#E1DAE1
665	200	187	207	#C8BBCF
666	163	145	177	#A391B1
667	125	104	144	#7D6890
668	99	75	119	#634B77
669	63	42	85	#3F2A55
670	237	210	225	#EDD2E1
671	233	187	215	#E9BBD7
672	227	159	200	#E39FC8
673	223	132	186	#DF84BA
674	205	85	153	#CD5599
675	180	35	113	#B42371
676	155	0	78	#9B004E
677	232	205	219	#E8CDDB
678	231	199	215	#E7C7D7
679	224	189	210	#E0BDD2
680	205	148	179	#CD94B3
681	180	106	148	#B46A94
682	157	71	119	#9D4777
683	127	39	84	#7F2754
684	229	197	211	#E5C5D3
685	222	181	200	#DEB5C8
686	211	159	183	#D39FB7
687	193	132	163	#C184A3
688	171	99	136	#AB6388
689	140	59	102	#8C3B66
690	100	34	63	#64223F
691	236	204	206	#ECCCCE
692	230	190	194	#E6BEC2
693	219	162	170	#DBA2AA
694	199	132	143	#C7848F
695	184	107	120	#B86B78
696	155	71	85	#9B4755
697	140	59	68	#8C3B44
698	245	211	214	#F5D3D6
699	247	194	202	#F7C2CA
700	247	172	184	#F7ACB8
701	234	133	151	#EA8597
702	215	92	113	#D75C71
703	189	58	73	#BD3A49
704	162	41	46	#A2292E
705	248	218	223	#F8DADF
706	248	205	214	#F8CDD6
707	251	181	195	#FBB5C3
708	252	145	162	#FC91A2
709	244	97	119	#F46177
710	231	61	80	#E73D50
711	209	42	46	#D12A2E
712	255	201	153	#FFC999
713	255	190	132	#FFBE84
714	255	169	96	#FFA960
715	249	141	41	#F98D29
716	237	119	0	#ED7700
717	215	94	0	#D75E00
718	193	77	0	#C14D00
719	238	199	161	#EEC7A1
720	233	183	137	#E9B789
721	223	163	108	#DFA36C
722	203	130	65	#CB8241
723	180	106	31	#B46A1F
724	149	78	14	#954E0E
725	127	64	20	#7F4014
726	226	193	157	#E2C19D
727	220	179	140	#DCB38C
728	207	160	117	#CFA075
729	183	129	79	#B7814F
730	160	102	44	#A0662C
731	121	66	15	#79420F
732	100	52	15	#64340F
7401	248	224	164	#F8E0A4
7402	238	215	151	#EED797
7403	241	210	130	#F1D282
7404	247	217	61	#F7D93D
7405	243	205	0	#F3CD00
7406	244	195	0	#F4C300
7407	206	159	81	#CE9F51
7408	249	190	0	#F9BE00
7409	246	178	33	#F6B221
7410	255	174	117	#FFAE75
7411	235	165	93	#EBA55D
7412	214	130	48	#D68230
7413	225	132	49	#E18431
7414	196	108	19	#C46C13
7415	234	184	166	#EAB8A6
7416	235	104	81	#EB6851
7417	232	74	55	#E84A37
7418	209	84	88	#D15458
7419	178	75	88	#B24B58
7420	160	32	64	#A02040
7421	106	26	49	#6A1A31
7422	246	205	211	#F6CDD3
7423	228	98	133	#E46285
7424	231	69	130	#E74582
7425	186	34	83	#BA2253
7426	168	15	61	#A80F3D
7427	157	22	46	#9D162E
7428	109	42	60	#6D2A3C
7429	229	186	201	#E5BAC9
7430	224	168	190	#E0A8BE
7431	206	126	156	#CE7E9C
7432	187	90	127	#BB5A7F
7433	173	56	99	#AD3863
7434	159	48	88	#9F3058
7435	138	36	78	#8A244E
7436	242	218	233	#F2DAE9
7437	207	172	206	#CFACCE
7438	216	157	215	#D89DD7
7439	182	135	184	#B687B8
7440	167	118	165	#A776A5
7441	162	92	191	#A25CBF
7442	154	60	187	#9A3CBB
7443	222	218	232	#DEDAE8
7444	183	184	220	#B7B8DC
7445	168	161	193	#A8A1C1
7446	140	133	201	#8C85C9
7447	96	71	117	#604775
7448	76	55	75	#4C374B
7449	67	38	58	#43263A
7450	190	195	217	#BEC3D9
7451	137	169	226	#89A9E2
7452	129	147	220	#8193DC
7453	124	164	221	#7CA4DD
7454	97	141	180	#618DB4
7455	58	92	172	#3A5CAC
7456	96	109	178	#606DB2
7457	187	219	229	#BBDBE5
7458	113	177	200	#71B1C8
7459	65	150	180	#4196B4
7460	0	131	193	#0083C1
7461	0	124	186	#007CBA
7462	0	83	138	#00538A
7463	0	42	72	#002A48
7464	161	207	202	#A1CFCA
7465	62	191	172	#3EBFAC
7466	0	173	187	#00ADBB
7467	0	160	174	#00A0AE
7468	0	114	152	#007298
7469	0	93	133	#005D85
7470	0	87	111	#00576F
7471	125	219	211	#7DDBD3
7472	90	182	178	#5AB6B2
7473	30	152	138	#1E988A
7474	0	116	128	#007480
7475	70	121	122	#46797A
7476	7	80	86	#075056
7477	38	75	89	#264B59
7478	151	226	190	#97E2BE
7479	5	206	123	#05CE7B
7480	0	188	111	#00BC6F
7481	0	180	79	#00B44F
7482	0	157	78	#009D4E
7483	35	92	55	#235C37
7484	0	86	63	#00563F
7485	209	221	186	#D1DDBA
7486	188	223	146	#BCDF92
7487	139	220	100	#8BDC64
7488	114	213	74	#72D54A
7489	114	168	79	#72A84F
7490	115	152	73	#739849
7491	121	132	59	#79843B
7492	194	202	127	#C2CA7F
7493	189	195	145	#BDC391
7494	156	174	135	#9CAE87
7495	144	153	61	#90993D
7496	119	135	28	#77871C
7497	123	113	86	#7B7156
7498	92	97	52	#5C6134
7499	242	228	177	#F2E4B1
7500	225	208	165	#E1D0A5
7501	218	199	157	#DAC79D
7502	209	183	134	#D1B786
7503	171	151	102	#AB9766
7504	150	120	93	#96785D
7505	131	96	63	#83603F
7506	243	218	177	#F3DAB1
7507	254	209	152	#FED198
7508	226	183	125	#E2B77D
7509	216	164	96	#D8A460
7510	200	137	60	#C8893C
7511	186	119	38	#BA7726
7512	168	99	24	#A86318
7513	227	182	164	#E3B6A4
7514	215	162	132	#D7A284
7515	199	139	102	#C78B66
7516	156	84	42	#9C542A
7517	137	66	28	#89421C
7518	111	78	70	#6F4E46
7519	95	74	59	#5F4A3B
7520	237	190	175	#EDBEAF
7521	196	154	129	#C49A81
7522	186	105	84	#BA6954
7523	175	92	86	#AF5C56
7524	168	81	71	#A85147
7525	159	104	79	#9F684F
7526	141	58	24	#8D3A18
7527	215	209	196	#D7D1C4
7528	199	185	171	#C7B9AB
7529	183	169	152	#B7A998
7530	164	147	130	#A49382
7531	124	103	85	#7C6755
7532	101	80	60	#65503C
7533	72	54	39	#483627
7534	211	204	188	#D3CCBC
7535	184	176	155	#B8B09B
7536	168	159	135	#A89F87
7537	169	171	160	#A9ABA0
7538	147	153	143	#93998F
7539	143	142	136	#8F8E88
7540	75	78	83	#4B4E53
7541	218	223	225	#DADFE1
7542	165	187	194	#A5BBC2
7543	152	163	173	#98A3AD
7544	118	133	145	#768591
7545	66	83	99	#425363
7546	38	54	69	#263645
7547	20	29	40	#141D28
7548	255	198	0	#FFC600
7549	255	182	0	#FFB600
7550	212	144	0	#D49000
7551	181	127	0	#B57F00
7552	117	83	28	#75531C
7553	92	69	32	#5C4520
7554	76	61	41	#4C3D29
7555	211	158	10	#D39E0A
7556	184	139	28	#B88B1C
7557	162	124	33	#A27C21
7558	152	112	35	#987023
7559	145	105	40	#916928
7560	127	98	44	#7F622C
7561	109	93	52	#6D5D34
7562	191	154	94	#BF9A5E
7563	217	154	41	#D99A29
7564	222	138	0	#DE8A00
7565	207	122	33	#CF7A21
7566	177	100	50	#B16432
7567	139	83	46	#8B532E
7568	121	80	52	#795034
7569	219	136	35	#DB8823
7570	215	131	42	#D7832A
7571	202	124	48	#CA7C30
7572	186	113	49	#BA7131
7573	170	101	41	#AA6529
7574	162	105	54	#A26936
7575	133	92	49	#855C31
7576	225	133	78	#E1854E
7577	229	125	60	#E57D3C
7578	224	106	45	#E06A2D
7579	225	88	41	#E15829
7580	195	80	47	#C3502F
7581	137	72	51	#894833
7582	105	70	52	#694634
7583	201	96	44	#C9602C
7584	192	86	38	#C05626
7585	181	90	55	#B55A37
7586	163	81	47	#A3512F
7587	150	74	44	#964A2C
7588	127	75	53	#7F4B35
7589	95	69	54	#5F4536
7590	215	180	157	#D7B49D
7591	197	124	89	#C57C59
7592	182	83	50	#B65332
7593	162	64	42	#A2402A
7594	127	56	43	#7F382B
7595	110	60	46	#6E3C2E
7596	94	60	49	#5E3C31
7597	215	63	34	#D73F22
7598	194	70	40	#C24628
7599	183	60	36	#B73C24
7600	144	62	42	#903E2A
7601	133	65	42	#85412A
7602	125	73	48	#7D4930
7603	105	65	47	#69412F
7604	231	212	210	#E7D4D2
7605	229	185	179	#E5B9B3
7606	220	144	137	#DC9089
7607	200	107	96	#C86B60
7608	169	71	60	#A9473C
7609	135	57	52	#873934
7610	107	50	48	#6B3230
7611	225	187	175	#E1BBAF
7612	205	153	141	#CD998D
7613	191	136	126	#BF887E
7614	166	126	115	#A67E73
7615	137	103	96	#896760
7616	109	75	75	#6D4B4B
7617	90	60	60	#5A3C3C
7618	204	108	78	#CC6C4E
7619	199	74	55	#C74A37
7620	189	46	42	#BD2E2A
7621	178	30	39	#B21E27
7622	151	37	43	#97252B
7623	143	40	41	#8F2829
7624	133	44	43	#852C2B
7625	233	78	60	#E94E3C
7626	203	53	36	#CB3524
7627	171	43	40	#AB2B28
7628	162	41	41	#A22929
7629	112	50	49	#703231
7630	101	49	47	#65312F
7631	89	45	43	#592D2B
7632	216	201	202	#D8C9CA
7633	200	163	166	#C8A3A6
7634	198	101	131	#C66583
7635	205	49	97	#CD3161
7636	196	26	73	#C41A49
7637	150	44	69	#962C45
7638	131	43	64	#832B40
7639	149	108	114	#956C72
7640	151	62	83	#973E53
7641	147	42	71	#932A47
7642	117	45	73	#752D49
7643	105	44	67	#692C43
7644	90	44	62	#5A2C3E
7645	82	42	56	#522A38
7646	169	108	134	#A96C86
7647	173	59	114	#AD3B72
7648	158	27	100	#9E1B64
7649	142	25	95	#8E195F
7650	118	32	86	#762056
7651	109	41	90	#6D295A
7652	97	37	80	#612550
7653	151	134	147	#978693
7654	166	118	154	#A6769A
7655	165	90	149	#A55A95
7656	147	57	127	#93397F
7657	112	43	98	#702B62
7658	109	51	94	#6D335E
7659	95	53	82	#5F3552
7660	155	143	162	#9B8FA2
7661	144	108	149	#906C95
7662	125	64	129	#7D4081
7663	109	48	117	#6D3075
7664	104	49	119	#683177
7665	98	54	110	#62366E
7666	94	77	98	#5E4D62
7667	111	123	160	#6F7BA0
7668	105	109	159	#696D9F
7669	99	93	155	#635D9B
7670	88	80	148	#585094
7671	84	68	135	#544487
7672	78	64	132	#4E4084
7673	84	83	134	#545386
7674	138	138	179	#8A8AB3
7675	126	126	170	#7E7EAA
7676	119	100	159	#77649F
7677	114	80	144	#725090
7678	106	71	141	#6A478D
7679	88	60	128	#583C80
7680	84	49	119	#543177
7681	149	167	203	#95A7CB
7682	105	134	183	#6986B7
7683	68	107	168	#446BA8
7684	54	93	157	#365D9D
7685	46	85	150	#2E5596
7686	29	78	143	#1D4E8F
7687	29	65	137	#1D4189
7688	68	151	203	#4497CB
7689	40	141	192	#288DC0
7690	0	117	168	#0075A8
7691	0	96	151	#006097
7692	0	84	134	#005486
7693	0	72	118	#004876
7694	0	65	106	#00416A
7695	124	165	186	#7CA5BA
7696	97	153	174	#6199AE
7697	78	134	159	#4E869F
7698	65	115	140	#41738C
7699	53	100	125	#35647D
7700	28	90	124	#1C5A7C
7701	0	86	119	#005677
7702	69	167	197	#45A7C5
7703	0	154	190	#009ABE
7704	0	131	172	#0083AC
7705	0	110	150	#006E96
7706	0	105	142	#00698E
7707	0	95	127	#005F7F
7708	0	84	111	#00546F
7709	99	176	187	#63B0BB
7710	0	165	181	#00A5B5
7711	0	149	168	#0095A8
7712	0	130	154	#00829A
7713	0	122	137	#007A89
7714	0	116	127	#00747F
7715	0	96	103	#006067
7716	0	148	143	#00948F
7717	0	130	125	#00827D
7718	0	116	115	#007473
7719	0	107	103	#006B67
7720	0	97	91	#00615B
7721	0	92	92	#005C5C
7722	0	79	80	#004F50
7723	78	165	133	#4EA585
7724	0	148	109	#00946D
7725	0	133	85	#008555
7726	0	122	75	#007A4B
7727	0	109	69	#006D45
7728	0	102	69	#006645
7729	0	87	68	#005744
7730	75	148	97	#4B9461
7731	32	134	72	#208648
7732	0	120	62	#00783E
7733	0	110	66	#006E42
7734	40	96	64	#286040
7735	55	86	60	#37563C
7736	56	84	65	#385441
7737	108	164	56	#6CA438
7738	70	160	64	#46A040
7739	46	153	65	#2E9941
7740	54	143	63	#368F3F
7741	65	135	62	#41873E
7742	72	118	58	#48763A
7743	65	104	59	#41683B
7744	186	187	19	#BABB13
7745	171	172	33	#ABAC21
7746	155	154	48	#9B9A30
7747	138	140	48	#8A8C30
7748	126	127	52	#7E7F34
7749	115	115	53	#737335
7750	102	101	52	#666534
7751	203	180	74	#CBB44A
7752	209	174	30	#D1AE1E
7753	195	160	28	#C3A01C
7754	162	133	39	#A28527
7755	139	117	47	#8B752F
7756	116	102	53	#746635
7757	105	93	49	#695D31
7758	214	194	0	#D6C200
7759	198	178	0	#C6B200
7760	147	131	43	#93832B
7761	117	112	52	#757034
7762	94	99	56	#5E6338
7763	90	91	58	#5A5B3A
7764	84	83	51	#545333
7765	187	178	30	#BBB21E
7766	181	168	27	#B5A81B
7767	171	156	44	#AB9C2C
7768	142	126	51	#8E7E33
7769	114	96	50	#726032
7770	100	89	55	#645937
7771	79	73	50	#4F4932
Black 2	51	46	31	#332E1F
Black 3	33	38	32	#212620
Black 4	49	37	28	#31251C
Black 5	63	42	46	#3F2A2E
Black 6	16	24	31	#10181F
Black 7	61	56	52	#3D3834
Black	46	41	37	#2E2925
Blue 072	5	13	158	#050D9E
Cool Gray 1	218	216	214	#DAD8D6
Cool Gray 10	100	100	105	#646469
Cool Gray 11	85	85	89	#555559
Cool Gray 2	210	207	205	#D2CFCD
Cool Gray 3	201	200	199	#C9C8C7
Cool Gray 4	188	187	186	#BCBBBA
Cool Gray 5	179	177	177	#B3B1B1
Cool Gray 6	169	168	169	#A9A8A9
Cool Gray 7	153	152	153	#999899
Cool Gray 8	138	138	141	#8A8A8D
Cool Gray 9	119	119	121	#777779
Green	0	168	135	#00A887
Orange 021	255	80	0	#FF5000
Process Blue	0	129	201	#0081C9
Purple	193	38	184	#C126B8
Red 032	246	50	62	#F6323E
Reflex Blue	0	21	136	#001588
Rhodamine Red	231	0	148	#E70094
Rubine Red	214	0	86	#D60056
Violet	67	0	152	#430098
Warm Gray 1	216	209	201	#D8D1C9
Warm Gray 10	123	109	101	#7B6D65
Warm Gray 11	112	98	88	#706258
Warm Gray 2	205	195	187	#CDC3BB
Warm Gray 3	193	183	175	#C1B7AF
Warm Gray 4	182	173	164	#B6ADA4
Warm Gray 5	174	161	152	#AEA198
Warm Gray 6	167	155	148	#A79B94
Warm Gray 7	151	139	130	#978B82
Warm Gray 8	142	130	121	#8E8279
Warm Gray 9	133	119	111	#85776F
Warm Red	255	67	55	#FF4337
Yellow	255	221	0	#FFDD00
